20.00 71.057
20.36 71.057
20.73 71.057
21.11 71.057
21.50 71.057
21.89 71.057
22.29 71.057
22.69 71.057
23.10 71.057
23.52 71.057
23.95 71.057
24.39 71.057
24.83 71.057
25.28 71.057
25.74 71.057
26.21 71.057
26.69 71.057
27.18 71.057
27.67 71.057
28.17 71.057
28.69 71.057
29.21 71.057
29.74 71.057
30.28 71.057
30.83 71.057
31.39 71.057
31.97 71.057
32.55 71.057
33.14 71.057
33.74 71.057
34.36 71.057
34.98 71.057
35.62 71.057
36.27 71.057
36.93 71.057
37.60 71.057
38.28 71.057
38.98 71.057
39.69 71.057
40.41 71.057
41.15 71.057
41.90 71.057
42.66 71.057
43.44 71.057
44.23 71.057
45.03 71.057
45.85 71.057
46.68 71.057
47.53 71.057
48.40 71.057
49.28 71.057
50.18 71.057
51.09 71.057
52.02 71.057
52.97 71.057
53.93 71.057
54.91 71.057
55.91 71.057
56.93 71.057
57.97 71.057
59.02 71.057
60.09 71.057
61.19 71.057
62.30 71.057
63.44 71.057
64.59 71.057
65.77 71.057
66.96 71.057
68.18 71.057
69.42 71.057
70.69 71.057
71.97 71.057
73.28 71.057
74.62 71.057
75.97 71.057
77.36 71.057
78.76 71.057
80.20 71.057
81.66 71.057
83.14 71.057
84.66 71.056
86.20 71.056
87.77 71.056
89.36 71.055
90.99 71.055
92.65 71.054
94.33 71.054
96.05 71.054
97.80 71.055
99.58 71.057
101.39 71.060
103.23 71.065
105.11 71.071
107.03 71.080
108.97 71.090
110.96 71.101
112.98 71.112
115.03 71.123
117.13 71.133
119.26 71.141
121.43 71.148
123.64 71.154
125.89 71.160
128.18 71.166
130.51 71.173
132.89 71.181
135.31 71.191
137.77 71.203
140.28 71.215
142.83 71.228
145.43 71.240
148.07 71.253
150.77 71.266
153.51 71.280
156.31 71.296
159.15 71.312
162.05 71.330
165.00 71.348
168.00 71.367
171.06 71.387
174.17 71.407
177.34 71.428
180.57 71.448
183.86 71.468
187.20 71.488
190.61 71.508
194.08 71.528
197.61 71.548
201.21 71.567
204.87 71.586
208.60 71.606
212.39 71.626
216.26 71.645
220.19 71.664
224.20 71.683
228.28 71.703
232.44 71.723
236.67 71.744
240.97 71.764
245.36 71.785
249.82 71.807
254.37 71.830
259.00 71.853
263.71 71.876
268.51 71.899
273.40 71.923
278.38 71.946
283.44 71.968
288.60 71.990
293.85 72.010
299.20 72.030
304.65 72.048
310.19 72.064
315.84 72.080
321.59 72.095
327.44 72.109
333.40 72.122
339.47 72.134
345.64 72.146
351.93 72.157
358.34 72.169
364.86 72.183
371.50 72.199
378.26 72.218
385.15 72.241
392.16 72.268
399.29 72.300
406.56 72.339
413.96 72.384
421.49 72.435
429.16 72.492
436.97 72.553
444.93 72.618
453.02 72.683
461.27 72.749
469.66 72.814
478.21 72.878
486.91 72.941
495.78 73.001
504.80 73.059
513.99 73.114
523.34 73.168
532.87 73.220
542.56 73.272
552.44 73.324
562.49 73.376
572.73 73.429
583.15 73.482
593.77 73.536
604.57 73.591
615.57 73.645
626.78 73.700
638.18 73.755
649.80 73.811
661.63 73.867
673.67 73.924
685.93 73.981
698.41 74.038
711.12 74.094
724.06 74.150
737.24 74.204
750.66 74.257
764.32 74.308
778.23 74.357
792.39 74.403
806.82 74.445
821.50 74.485
836.45 74.523
851.67 74.560
867.17 74.596
882.96 74.634
899.02 74.673
915.39 74.716
932.05 74.763
949.01 74.814
966.28 74.872
983.87 74.936
1001.77 75.007
1020.00 75.087
1038.57 75.174
1057.47 75.270
1076.71 75.372
1096.31 75.481
1116.26 75.594
1136.58 75.713
1157.26 75.835
1178.32 75.961
1199.77 76.091
1221.60 76.225
1243.84 76.363
1266.47 76.504
1289.52 76.648
1312.99 76.794
1336.89 76.941
1361.22 77.091
1385.99 77.241
1411.22 77.395
1436.90 77.552
1463.05 77.713
1489.68 77.881
1516.79 78.057
1544.40 78.242
1572.50 78.439
1601.12 78.649
1630.26 78.872
1659.93 79.108
1690.14 79.356
1720.90 79.616
1752.22 79.885
1784.11 80.161
1816.58 80.444
1849.64 80.733
1883.30 81.024
1917.58 81.319
1952.48 81.617
1988.01 81.917
2024.19 82.220
2061.03 82.527
2098.54 82.839
2136.73 83.157
2175.62 83.481
2215.22 83.810
2255.53 84.141
2296.58 84.471
2338.38 84.793
2380.94 85.104
2424.27 85.397
2468.39 85.666
2513.31 85.909
2559.05 86.120
2605.63 86.297
2653.05 86.441
2701.33 86.551
2750.50 86.630
2800.55 86.682
2851.52 86.709
2903.42 86.712
2956.26 86.694
3010.06 86.655
3064.85 86.595
3120.62 86.514
3177.42 86.414
3235.25 86.293
3294.13 86.153
3354.08 85.997
3415.12 85.827
3477.27 85.647
3540.56 85.457
3605.00 85.261
3670.60 85.059
3737.41 84.853
3805.43 84.644
3874.68 84.433
3945.20 84.221
4017.00 84.007
4090.11 83.794
4164.55 83.581
4240.34 83.369
4317.51 83.159
4396.09 82.953
4476.10 82.753
4557.56 82.559
4640.50 82.375
4724.96 82.200
4810.95 82.036
4898.51 81.885
4987.66 81.745
5078.43 81.618
5170.86 81.502
5264.97 81.396
5360.79 81.297
5458.35 81.205
5557.69 81.118
5658.84 81.036
5761.82 80.960
5866.69 80.890
5973.46 80.825
6082.17 80.767
6192.87 80.717
6305.57 80.673
6420.33 80.635
6537.18 80.603
6656.15 80.575
6777.29 80.550
6900.63 80.529
7026.22 80.509
7154.10 80.488
7284.30 80.465
7416.87 80.435
7551.85 80.396
7689.29 80.344
7829.23 80.276
7971.72 80.189
8116.80 80.081
8264.53 79.952
8414.94 79.805
8568.09 79.642
8724.02 79.469
8882.79 79.287
9044.46 79.101
9209.06 78.914
9376.66 78.725
9547.31 78.534
9721.07 78.342
9897.99 78.147
10078.13 77.948
10261.55 77.744
10448.30 77.535
10638.45 77.320
10832.07 77.099
11029.21 76.873
11229.94 76.641
11434.32 76.406
11642.41 76.166
11854.30 75.923
12070.04 75.677
12289.71 75.429
12513.38 75.178
12741.12 74.926
12973.00 74.674
13209.10 74.424
13449.50 74.177
13694.28 73.932
13943.51 73.691
14197.27 73.451
14455.66 73.214
14718.74 72.977
14986.62 72.741
15259.37 72.506
15537.08 72.271
15819.85 72.036
16107.76 71.800
16400.92 71.565
16699.41 71.328
17003.33 71.091
17312.78 70.853
17627.86 70.613
17948.68 70.372
18275.34 70.129
18607.94 69.884
18946.60 69.638
19291.42 69.389
19642.52 69.140
20000.00 68.890