20.00 84.283
20.36 84.271
20.73 84.259
21.11 84.248
21.50 84.236
21.89 84.224
22.29 84.211
22.69 84.199
23.10 84.186
23.52 84.173
23.95 84.160
24.39 84.146
24.83 84.132
25.28 84.117
25.74 84.102
26.21 84.086
26.69 84.070
27.18 84.053
27.67 84.036
28.17 84.018
28.69 84.000
29.21 83.981
29.74 83.961
30.28 83.941
30.83 83.920
31.39 83.899
31.97 83.876
32.55 83.853
33.14 83.830
33.74 83.805
34.36 83.780
34.98 83.754
35.62 83.727
36.27 83.700
36.93 83.671
37.60 83.642
38.28 83.612
38.98 83.581
39.69 83.550
40.41 83.517
41.15 83.483
41.90 83.449
42.66 83.413
43.44 83.376
44.23 83.339
45.03 83.300
45.85 83.261
46.68 83.220
47.53 83.178
48.40 83.135
49.28 83.091
50.18 83.046
51.09 83.000
52.02 82.953
52.97 82.904
53.93 82.855
54.91 82.804
55.91 82.752
56.93 82.698
57.97 82.644
59.02 82.588
60.09 82.531
61.19 82.473
62.30 82.413
63.44 82.352
64.59 82.290
65.77 82.227
66.96 82.162
68.18 82.096
69.42 82.029
70.69 81.960
71.97 81.891
73.28 81.819
74.62 81.747
75.97 81.673
77.36 81.598
78.76 81.521
80.20 81.443
81.66 81.364
83.14 81.284
84.66 81.203
86.20 81.120
87.77 81.036
89.36 80.951
90.99 80.866
92.65 80.779
94.33 80.692
96.05 80.604
97.80 80.516
99.58 80.427
101.39 80.339
103.23 80.250
105.11 80.162
107.03 80.074
108.97 79.985
110.96 79.897
112.98 79.808
115.03 79.718
117.13 79.627
119.26 79.535
121.43 79.441
123.64 79.347
125.89 79.252
128.18 79.156
130.51 79.061
132.89 78.966
135.31 78.871
137.77 78.777
140.28 78.683
142.83 78.589
145.43 78.495
148.07 78.402
150.77 78.309
153.51 78.217
156.31 78.125
159.15 78.034
162.05 77.944
165.00 77.855
168.00 77.766
171.06 77.677
174.17 77.589
177.34 77.501
180.57 77.414
183.86 77.327
187.20 77.240
190.61 77.154
194.08 77.068
197.61 76.982
201.21 76.897
204.87 76.812
208.60 76.727
212.39 76.643
216.26 76.560
220.19 76.477
224.20 76.396
228.28 76.315
232.44 76.235
236.67 76.156
240.97 76.078
245.36 76.001
249.82 75.926
254.37 75.853
259.00 75.780
263.71 75.709
268.51 75.639
273.40 75.570
278.38 75.502
283.44 75.434
288.60 75.367
293.85 75.300
299.20 75.233
304.65 75.165
310.19 75.098
315.84 75.031
321.59 74.964
327.44 74.897
333.40 74.831
339.47 74.765
345.64 74.699
351.93 74.635
358.34 74.573
364.86 74.514
371.50 74.458
378.26 74.407
385.15 74.360
392.16 74.319
399.29 74.285
406.56 74.259
413.96 74.240
421.49 74.229
429.16 74.225
436.97 74.226
444.93 74.232
453.02 74.240
461.27 74.250
469.66 74.261
478.21 74.272
486.91 74.281
495.78 74.290
504.80 74.297
513.99 74.303
523.34 74.309
532.87 74.314
542.56 74.320
552.44 74.327
562.49 74.336
572.73 74.347
583.15 74.360
593.77 74.374
604.57 74.390
615.57 74.406
626.78 74.424
638.18 74.443
649.80 74.463
661.63 74.485
673.67 74.508
685.93 74.533
698.41 74.559
711.12 74.585
724.06 74.612
737.24 74.638
750.66 74.664
764.32 74.689
778.23 74.711
792.39 74.731
806.82 74.748
821.50 74.762
836.45 74.773
851.67 74.783
867.17 74.793
882.96 74.804
899.02 74.818
915.39 74.836
932.05 74.858
949.01 74.885
966.28 74.917
983.87 74.957
1001.77 75.005
1020.00 75.063
1038.57 75.130
1057.47 75.205
1076.71 75.288
1096.31 75.376
1116.26 75.468
1136.58 75.563
1157.26 75.659
1178.32 75.758
1199.77 75.860
1221.60 75.967
1243.84 76.079
1266.47 76.194
1289.52 76.313
1312.99 76.433
1336.89 76.552
1361.22 76.670
1385.99 76.786
1411.22 76.900
1436.90 77.014
1463.05 77.129
1489.68 77.245
1516.79 77.367
1544.40 77.497
1572.50 77.638
1601.12 77.793
1630.26 77.962
1659.93 78.144
1690.14 78.338
1720.90 78.540
1752.22 78.749
1784.11 78.961
1816.58 79.174
1849.64 79.387
1883.30 79.597
1917.58 79.801
1952.48 79.999
1988.01 80.189
2024.19 80.372
2061.03 80.549
2098.54 80.727
2136.73 80.909
2175.62 81.102
2215.22 81.305
2255.53 81.518
2296.58 81.734
2338.38 81.946
2380.94 82.146
2424.27 82.328
2468.39 82.486
2513.31 82.613
2559.05 82.703
2605.63 82.754
2653.05 82.766
2701.33 82.751
2750.50 82.719
2800.55 82.681
2851.52 82.646
2903.42 82.620
2956.26 82.605
3010.06 82.599
3064.85 82.599
3120.62 82.600
3177.42 82.597
3235.25 82.583
3294.13 82.557
3354.08 82.525
3415.12 82.493
3477.27 82.467
3540.56 82.448
3605.00 82.436
3670.60 82.425
3737.41 82.414
3805.43 82.400
3874.68 82.383
3945.20 82.364
4017.00 82.342
4090.11 82.317
4164.55 82.285
4240.34 82.247
4317.51 82.202
4396.09 82.151
4476.10 82.101
4557.56 82.054
4640.50 82.012
4724.96 81.971
4810.95 81.934
4898.51 81.907
4987.66 81.897
5078.43 81.905
5170.86 81.927
5264.97 81.952
5360.79 81.975
5458.35 81.994
5557.69 82.006
5658.84 82.012
5761.82 82.017
5866.69 82.022
5973.46 82.032
6082.17 82.051
6192.87 82.083
6305.57 82.125
6420.33 82.170
6537.18 82.210
6656.15 82.243
6777.29 82.273
6900.63 82.306
7026.22 82.346
7154.10 82.392
7284.30 82.437
7416.87 82.476
7551.85 82.512
7689.29 82.547
7829.23 82.571
7971.72 82.563
8116.80 82.504
8264.53 82.394
8414.94 82.248
8568.09 82.084
8724.02 81.914
8882.79 81.748
9044.46 81.594
9209.06 81.455
9376.66 81.325
9547.31 81.194
9721.07 81.054
9897.99 80.904
10078.13 80.746
10261.55 80.581
10448.30 80.406
10638.45 80.219
10832.07 80.018
11029.21 79.809
11229.94 79.598
11434.32 79.387
11642.41 79.176
11854.30 78.966
12070.04 78.754
12289.71 78.536
12513.38 78.305
12741.12 78.058
12973.00 77.805
13209.10 77.558
13449.50 77.328
13694.28 77.116
13943.51 76.910
14197.27 76.699
14455.66 76.483
14718.74 76.262
14986.62 76.040
15259.37 75.818
15537.08 75.595
15819.85 75.373
16107.76 75.149
16400.92 74.925
16699.41 74.700
17003.33 74.475
17312.78 74.249
17627.86 74.024
17948.68 73.798
18275.34 73.571
18607.94 73.335
18946.60 73.085
19291.42 72.827
19642.52 72.586
20000.00 72.377