20.00 83.152
20.36 83.148
20.73 83.143
21.11 83.139
21.50 83.135
21.89 83.131
22.29 83.126
22.69 83.121
23.10 83.116
23.52 83.111
23.95 83.105
24.39 83.100
24.83 83.094
25.28 83.088
25.74 83.081
26.21 83.075
26.69 83.068
27.18 83.061
27.67 83.053
28.17 83.045
28.69 83.037
29.21 83.029
29.74 83.020
30.28 83.011
30.83 83.001
31.39 82.991
31.97 82.981
32.55 82.970
33.14 82.959
33.74 82.947
34.36 82.935
34.98 82.922
35.62 82.909
36.27 82.895
36.93 82.880
37.60 82.865
38.28 82.850
38.98 82.833
39.69 82.816
40.41 82.799
41.15 82.780
41.90 82.761
42.66 82.741
43.44 82.720
44.23 82.698
45.03 82.675
45.85 82.651
46.68 82.626
47.53 82.600
48.40 82.573
49.28 82.545
50.18 82.516
51.09 82.485
52.02 82.454
52.97 82.420
53.93 82.386
54.91 82.350
55.91 82.312
56.93 82.273
57.97 82.233
59.02 82.191
60.09 82.147
61.19 82.101
62.30 82.053
63.44 82.004
64.59 81.953
65.77 81.899
66.96 81.844
68.18 81.787
69.42 81.727
70.69 81.665
71.97 81.601
73.28 81.535
74.62 81.467
75.97 81.396
77.36 81.322
78.76 81.247
80.20 81.168
81.66 81.088
83.14 81.004
84.66 80.919
86.20 80.830
87.77 80.739
89.36 80.646
90.99 80.550
92.65 80.451
94.33 80.349
96.05 80.245
97.80 80.138
99.58 80.029
101.39 79.918
103.23 79.807
105.11 79.697
107.03 79.590
108.97 79.486
110.96 79.384
112.98 79.281
115.03 79.170
117.13 79.052
119.26 78.928
121.43 78.799
123.64 78.667
125.89 78.534
128.18 78.400
130.51 78.269
132.89 78.141
135.31 78.018
137.77 77.899
140.28 77.781
142.83 77.659
145.43 77.532
148.07 77.403
150.77 77.274
153.51 77.148
156.31 77.024
159.15 76.903
162.05 76.786
165.00 76.672
168.00 76.560
171.06 76.450
174.17 76.341
177.34 76.229
180.57 76.116
183.86 76.005
187.20 75.897
190.61 75.795
194.08 75.696
197.61 75.597
201.21 75.497
204.87 75.399
208.60 75.304
212.39 75.214
216.26 75.127
220.19 75.044
224.20 74.963
228.28 74.883
232.44 74.803
236.67 74.723
240.97 74.647
245.36 74.576
249.82 74.511
254.37 74.452
259.00 74.395
263.71 74.339
268.51 74.284
273.40 74.229
278.38 74.173
283.44 74.119
288.60 74.068
293.85 74.023
299.20 73.979
304.65 73.935
310.19 73.890
315.84 73.845
321.59 73.804
327.44 73.768
333.40 73.735
339.47 73.700
345.64 73.664
351.93 73.628
358.34 73.595
364.86 73.566
371.50 73.541
378.26 73.516
385.15 73.491
392.16 73.470
399.29 73.459
406.56 73.460
413.96 73.474
421.49 73.497
429.16 73.529
436.97 73.567
444.93 73.606
453.02 73.646
461.27 73.686
469.66 73.728
478.21 73.770
486.91 73.810
495.78 73.845
504.80 73.872
513.99 73.893
523.34 73.913
532.87 73.935
542.56 73.959
552.44 73.987
562.49 74.019
572.73 74.054
583.15 74.091
593.77 74.128
604.57 74.164
615.57 74.198
626.78 74.230
638.18 74.261
649.80 74.297
661.63 74.339
673.67 74.385
685.93 74.430
698.41 74.469
711.12 74.505
724.06 74.539
737.24 74.574
750.66 74.609
764.32 74.641
778.23 74.671
792.39 74.696
806.82 74.717
821.50 74.734
836.45 74.748
851.67 74.761
867.17 74.774
882.96 74.790
899.02 74.809
915.39 74.833
932.05 74.862
949.01 74.893
966.28 74.926
983.87 74.962
1001.77 75.004
1020.00 75.054
1038.57 75.113
1057.47 75.180
1076.71 75.255
1096.31 75.337
1116.26 75.421
1136.58 75.507
1157.26 75.593
1178.32 75.680
1199.77 75.768
1221.60 75.860
1243.84 75.957
1266.47 76.060
1289.52 76.167
1312.99 76.275
1336.89 76.380
1361.22 76.481
1385.99 76.581
1411.22 76.679
1436.90 76.777
1463.05 76.876
1489.68 76.977
1516.79 77.082
1544.40 77.195
1572.50 77.319
1601.12 77.456
1630.26 77.605
1659.93 77.767
1690.14 77.941
1720.90 78.122
1752.22 78.309
1784.11 78.498
1816.58 78.689
1849.64 78.879
1883.30 79.069
1917.58 79.255
1952.48 79.436
1988.01 79.613
2024.19 79.786
2061.03 79.957
2098.54 80.129
2136.73 80.310
2175.62 80.505
2215.22 80.715
2255.53 80.938
2296.58 81.171
2338.38 81.409
2380.94 81.644
2424.27 81.869
2468.39 82.078
2513.31 82.265
2559.05 82.428
2605.63 82.567
2653.05 82.688
2701.33 82.794
2750.50 82.893
2800.55 82.989
2851.52 83.085
2903.42 83.185
2956.26 83.284
3010.06 83.382
3064.85 83.474
3120.62 83.555
3177.42 83.620
3235.25 83.667
3294.13 83.697
3354.08 83.710
3415.12 83.708
3477.27 83.696
3540.56 83.676
3605.00 83.651
3670.60 83.621
3737.41 83.584
3805.43 83.542
3874.68 83.495
3945.20 83.443
4017.00 83.386
4090.11 83.325
4164.55 83.259
4240.34 83.189
4317.51 83.115
4396.09 83.038
4476.10 82.959
4557.56 82.881
4640.50 82.808
4724.96 82.742
4810.95 82.685
4898.51 82.641
4987.66 82.609
5078.43 82.587
5170.86 82.573
5264.97 82.563
5360.79 82.554
5458.35 82.545
5557.69 82.535
5658.84 82.524
5761.82 82.515
5866.69 82.509
5973.46 82.508
6082.17 82.513
6192.87 82.524
6305.57 82.539
6420.33 82.556
6537.18 82.572
6656.15 82.587
6777.29 82.604
6900.63 82.620
7026.22 82.639
7154.10 82.659
7284.30 82.681
7416.87 82.702
7551.85 82.718
7689.29 82.723
7829.23 82.707
7971.72 82.658
8116.80 82.572
8264.53 82.452
8414.94 82.308
8568.09 82.144
8724.02 81.971
8882.79 81.796
9044.46 81.626
9209.06 81.459
9376.66 81.295
9547.31 81.133
9721.07 80.970
9897.99 80.802
10078.13 80.627
10261.55 80.443
10448.30 80.249
10638.45 80.043
10832.07 79.828
11029.21 79.608
11229.94 79.384
11434.32 79.157
11642.41 78.927
11854.30 78.694
12070.04 78.458
12289.71 78.216
12513.38 77.968
12741.12 77.718
12973.00 77.469
13209.10 77.225
13449.50 76.986
13694.28 76.751
13943.51 76.519
14197.27 76.289
14455.66 76.059
14718.74 75.830
14986.62 75.599
15259.37 75.368
15537.08 75.136
15819.85 74.903
16107.76 74.671
16400.92 74.438
16699.41 74.205
17003.33 73.973
17312.78 73.740
17627.86 73.507
17948.68 73.273
18275.34 73.036
18607.94 72.795
18946.60 72.548
19291.42 72.293
19642.52 72.033
20000.00 71.770