20.00 79.291
20.36 79.296
20.73 79.301
21.11 79.307
21.50 79.312
21.89 79.317
22.29 79.323
22.69 79.329
23.10 79.335
23.52 79.342
23.95 79.348
24.39 79.355
24.83 79.363
25.28 79.370
25.74 79.378
26.21 79.386
26.69 79.393
27.18 79.401
27.67 79.409
28.17 79.417
28.69 79.425
29.21 79.432
29.74 79.440
30.28 79.447
30.83 79.454
31.39 79.460
31.97 79.466
32.55 79.472
33.14 79.477
33.74 79.481
34.36 79.485
34.98 79.489
35.62 79.491
36.27 79.494
36.93 79.495
37.60 79.496
38.28 79.496
38.98 79.495
39.69 79.493
40.41 79.491
41.15 79.488
41.90 79.485
42.66 79.481
43.44 79.475
44.23 79.470
45.03 79.463
45.85 79.456
46.68 79.448
47.53 79.439
48.40 79.429
49.28 79.419
50.18 79.408
51.09 79.396
52.02 79.383
52.97 79.369
53.93 79.355
54.91 79.339
55.91 79.323
56.93 79.306
57.97 79.288
59.02 79.270
60.09 79.251
61.19 79.231
62.30 79.210
63.44 79.189
64.59 79.167
65.77 79.145
66.96 79.121
68.18 79.098
69.42 79.074
70.69 79.049
71.97 79.024
73.28 78.999
74.62 78.974
75.97 78.949
77.36 78.923
78.76 78.898
80.20 78.872
81.66 78.847
83.14 78.821
84.66 78.796
86.20 78.771
87.77 78.745
89.36 78.720
90.99 78.694
92.65 78.669
94.33 78.643
96.05 78.617
97.80 78.590
99.58 78.564
101.39 78.536
103.23 78.509
105.11 78.480
107.03 78.452
108.97 78.422
110.96 78.392
112.98 78.362
115.03 78.331
117.13 78.300
119.26 78.268
121.43 78.236
123.64 78.203
125.89 78.170
128.18 78.137
130.51 78.104
132.89 78.071
135.31 78.038
137.77 78.005
140.28 77.972
142.83 77.940
145.43 77.907
148.07 77.875
150.77 77.843
153.51 77.811
156.31 77.780
159.15 77.749
162.05 77.718
165.00 77.687
168.00 77.656
171.06 77.626
174.17 77.596
177.34 77.566
180.57 77.536
183.86 77.506
187.20 77.477
190.61 77.448
194.08 77.420
197.61 77.392
201.21 77.364
204.87 77.337
208.60 77.311
212.39 77.285
216.26 77.260
220.19 77.236
224.20 77.213
228.28 77.190
232.44 77.168
236.67 77.147
240.97 77.126
245.36 77.106
249.82 77.086
254.37 77.067
259.00 77.047
263.71 77.028
268.51 77.009
273.40 76.990
278.38 76.970
283.44 76.951
288.60 76.931
293.85 76.912
299.20 76.892
304.65 76.872
310.19 76.852
315.84 76.832
321.59 76.813
327.44 76.793
333.40 76.773
339.47 76.753
345.64 76.733
351.93 76.712
358.34 76.692
364.86 76.671
371.50 76.649
378.26 76.627
385.15 76.604
392.16 76.580
399.29 76.555
406.56 76.529
413.96 76.502
421.49 76.473
429.16 76.443
436.97 76.412
444.93 76.380
453.02 76.347
461.27 76.312
469.66 76.276
478.21 76.239
486.91 76.201
495.78 76.161
504.80 76.120
513.99 76.079
523.34 76.036
532.87 75.992
542.56 75.948
552.44 75.903
562.49 75.858
572.73 75.812
583.15 75.767
593.77 75.721
604.57 75.676
615.57 75.631
626.78 75.586
638.18 75.541
649.80 75.497
661.63 75.453
673.67 75.409
685.93 75.366
698.41 75.323
711.12 75.281
724.06 75.240
737.24 75.199
750.66 75.160
764.32 75.122
778.23 75.086
792.39 75.052
806.82 75.021
821.50 74.993
836.45 74.968
851.67 74.947
867.17 74.930
882.96 74.918
899.02 74.912
915.39 74.912
932.05 74.917
949.01 74.929
966.28 74.948
983.87 74.972
1001.77 75.003
1020.00 75.039
1038.57 75.081
1057.47 75.126
1076.71 75.175
1096.31 75.227
1116.26 75.281
1136.58 75.337
1157.26 75.395
1178.32 75.455
1199.77 75.517
1221.60 75.582
1243.84 75.650
1266.47 75.722
1289.52 75.798
1312.99 75.878
1336.89 75.964
1361.22 76.053
1385.99 76.148
1411.22 76.247
1436.90 76.351
1463.05 76.459
1489.68 76.572
1516.79 76.688
1544.40 76.808
1572.50 76.932
1601.12 77.058
1630.26 77.187
1659.93 77.319
1690.14 77.455
1720.90 77.594
1752.22 77.737
1784.11 77.886
1816.58 78.041
1849.64 78.203
1883.30 78.374
1917.58 78.554
1952.48 78.745
1988.01 78.947
2024.19 79.161
2061.03 79.387
2098.54 79.626
2136.73 79.875
2175.62 80.134
2215.22 80.400
2255.53 80.672
2296.58 80.946
2338.38 81.218
2380.94 81.487
2424.27 81.748
2468.39 82.000
2513.31 82.240
2559.05 82.466
2605.63 82.678
2653.05 82.873
2701.33 83.050
2750.50 83.210
2800.55 83.352
2851.52 83.475
2903.42 83.579
2956.26 83.665
3010.06 83.732
3064.85 83.781
3120.62 83.812
3177.42 83.826
3235.25 83.823
3294.13 83.804
3354.08 83.770
3415.12 83.722
3477.27 83.661
3540.56 83.588
3605.00 83.505
3670.60 83.414
3737.41 83.316
3805.43 83.212
3874.68 83.104
3945.20 82.993
4017.00 82.880
4090.11 82.767
4164.55 82.654
4240.34 82.542
4317.51 82.431
4396.09 82.323
4476.10 82.217
4557.56 82.114
4640.50 82.013
4724.96 81.915
4810.95 81.818
4898.51 81.723
4987.66 81.628
5078.43 81.531
5170.86 81.433
5264.97 81.333
5360.79 81.229
5458.35 81.121
5557.69 81.010
5658.84 80.896
5761.82 80.780
5866.69 80.663
5973.46 80.546
6082.17 80.433
6192.87 80.323
6305.57 80.219
6420.33 80.122
6537.18 80.033
6656.15 79.953
6777.29 79.880
6900.63 79.814
7026.22 79.754
7154.10 79.698
7284.30 79.641
7416.87 79.583
7551.85 79.518
7689.29 79.444
7829.23 79.357
7971.72 79.252
8116.80 79.128
8264.53 78.980
8414.94 78.808
8568.09 78.607
8724.02 78.379
8882.79 78.123
9044.46 77.839
9209.06 77.529
9376.66 77.194
9547.31 76.839
9721.07 76.465
9897.99 76.076
10078.13 75.677
10261.55 75.271
10448.30 74.862
10638.45 74.455
10832.07 74.054
11029.21 73.665
11229.94 73.296
11434.32 72.952
11642.41 72.640
11854.30 72.363
12070.04 72.121
12289.71 71.914
12513.38 71.740
12741.12 71.595
12973.00 71.477
13209.10 71.382
13449.50 71.308
13694.28 71.251
13943.51 71.208
14197.27 71.175
14455.66 71.151
14718.74 71.133
14986.62 71.120
15259.37 71.110
15537.08 71.103
15819.85 71.098
16107.76 71.095
16400.92 71.093
16699.41 71.093
17003.33 71.094
17312.78 71.097
17627.86 71.101
17948.68 71.107
18275.34 71.113
18607.94 71.121
18946.60 71.129
19291.42 71.138
19642.52 71.148
20000.00 71.158